1000 9888
930 166
803 652
164 902
110 190
223 485
119 308
526 620
344 977
447 237
414 879
497 240
43 912
838 861
530 418
983 284
643 833
650 479
135 578
138 631
668 161
35 913
307 852
11 624
131 386
316 926
597 379
429 665
156 119
952 142
972 241
169 228
777 485
209 731
853 82
764 371
51 200
415 619
861 551
109 834
131 160
309 891
122 63
142 288
737 618
597 578
938 707
657 105
732 683
239 853
899 592
187 742
60 104
953 770
231 209
141 169
519 916
709 294
287 208
953 780
326 894
560 602
633 116
62 772
912 103
506 352
736 379
20 556
455 815
514 86
574 893
388 604
775 676
214 729
141 621
290 169
328 76
440 518
976 584
614 94
962 663
436 754
972 540
148 174
846 61
295 265
872 664
599 154
358 747
806 671
293 824
348 437
846 172
793 288
426 347
941 680
820 527
365 955
252 217
806 750
494 10
846 223
206 702
707 119
29 927
525 826
454 660
591 521
88 628
241 170
920 891
946 711
449 421
359 926
588 144
384 520
29 338
255 558
385 914
26 712
84 454
817 951
639 692
794 395
680 581
479 87
131 271
723 745
460 449
563 272
800 110
819 186
673 580
587 729
779 792
856 437
585 601
934 808
496 260
848 553
795 82
619 886
434 966
161 774
397 288
349 249
904 762
173 299
980 77
636 703
486 818
657 486
658 953
92 50
199 603
457 8
222 776
250 764
268 208
805 823
295 745
66 814
218 424
49 174
608 850
515 254
296 680
315 388
529 974
824 938
89 887
854 506
537 459
793 113
121 614
977 311
339 507
453 399
712 927
499 193
941 490
102 942
430 657
129 250
737 397
181 452
924 675
74 270
986 356
270 597
20 4
955 419
461 150
764 785
394 337
548 562
806 522
972 742
424 465
206 666
501 778
157 46
473 798
556 884
226 627
868 934
544 596
835 183
921 754
114 476
961 746
227 135
906 470
433 772
790 856
242 376
316 983
62 215
462 845
658 326
731 644
859 459
792 512
226 964
669 838
49 837
364 187
963 891
352 914
518 629
776 20
762 869
891 843
819 150
892 480
383 255
94 102
425 987
762 980
217 345
145 468
623 737
516 237
311 483
314 581
31 992
382 780
790 375
793 529
27 857
448 818
767 443
514 333
608 528
2 153
439 460
743 130
175 438
343 528
149 855
704 146
340 742
42 892
793 988
376 178
965 166
107 706
367 207
663 675
980 549
861 358
653 671
580 146
742 777
784 407
751 331
42 545
483 625
377 49
379 416
713 384
494 83
523 131
941 752
380 78
751 41
461 267
449 323
109 538
533 343
379 200
428 747
63 8
324 916
844 163
88 731
647 286
238 801
296 488
4 953
333 563
817 878
565 248
623 438
751 749
476 753
721 458
189 212
247 834
854 238
145 150
542 5
593 528
423 663
174 747
981 217
430 337
268 340
930 809
75 162
38 298
539 243
741 815
200 527
303 946
587 207
679 567
60 69
981 315
196 517
641 526
649 625
675 753
947 372
865 195
595 294
334 318
26 119
923 495
248 187
287 140
534 135
461 649
329 871
979 52
173 21
139 141
68 381
50 800
966 338
491 638
185 575
186 224
709 244
470 552
508 475
92 26
81 540
68 19
159 356
841 789
152 206
801 916
289 971
402 618
167 814
65 684
963 151
980 799
693 290
201 23
881 514
272 822
935 821
875 950
99 605
601 643
391 567
711 706
927 897
908 200
364 559
789 864
406 844
618 956
571 337
803 540
664 502
648 987
355 901
66 464
240 451
26 688
639 945
109 31
976 358
282 550
523 619
139 958
523 556
554 79
683 865
956 458
815 292
249 663
892 441
161 543
886 435
570 693
700 740
293 10
44 896
354 40
174 775
912 412
19 534
682 314
98 37
64 253
9 556
374 478
948 409
456 631
892 290
11 567
766 607
606 496
987 655
382 215
454 320
296 830
188 884
904 573
743 202
274 877
115 161
697 223
83 135
763 889
880 571
310 434
707 570
266 828
50 599
445 70
684 282
427 771
45 208
324 409
99 923
863 21
750 581
309 412
924 719
121 884
214 299
52 434
69 347
695 344
739 728
497 805
511 965
651 798
946 994
125 821
146 730
54 499
704 932
483 359
255 971
330 542
5 38
428 691
341 254
330 609
759 472
905 121
707 293
284 18
412 95
199 129
184 166
22 666
8 116
942 987
134 756
563 482
1 925
610 923
888 809
351 235
464 517
648 51
406 263
224 167
677 136
352 725
314 344
942 292
302 199
505 57
468 171
343 809
35 456
161 773
206 810
478 260
727 903
853 312
726 574
359 3
253 540
35 345
309 794
329 116
679 844
79 896
705 497
690 103
139 503
177 184
602 875
114 342
418 674
384 510
40 368
297 615
889 253
192 347
841 483
28 753
88 412
650 600
188 911
372 92
271 874
818 274
766 420
30 89
625 868
58 495
358 634
704 341
854 859
447 275
818 485
816 996
729 774
424 851
955 196
542 996
873 435
871 872
876 706
733 839
955 309
688 72
483 796
422 689
480 514
702 456
404 267
512 68
17 922
200 528
510 781
631 467
982 187
432 707
290 737
476 968
630 745
80 213
83 854
816 601
416 55
375 439
587 375
19 259
114 703
12 951
622 863
899 960
386 693
418 605
138 876
725 94
818 656
545 968
31 717
691 285
40 784
203 332
810 316
288 462
143 576
183 695
754 593
222 203
579 646
676 276
70 15
130 464
350 303
800 472
487 114
372 830
202 494
684 926
888 257
500 207
248 160
249 841
608 640
236 705
352 78
81 512
44 396
732 801
519 539
202 704
385 32
867 718
173 65
340 598
516 689
186 188
741 654
758 612
462 417
428 17
162 421
42 927
298 549
399 289
955 337
884 297
758 259
392 561
871 541
698 53
57 427
115 413
498 47
206 836
389 428
797 319
526 743
436 183
472 622
547 377
254 624
685 746
122 293
103 853
911 344
145 552
384 723
388 251
924 981
502 713
794 89
656 783
142 782
486 216
99 367
545 25
692 472
549 625
342 209
19 174
333 562
981 902
341 39
255 737
498 967
791 645
994 371
977 615
136 449
907 892
565 360
787 802
19 396
386 665
387 208
26 432
672 98
286 998
805 394
878 592
984 35
162 803
325 789
36 856
573 47
739 283
524 757
706 752
247 528
148 737
314 713
791 73
188 226
466 508
517 369
800 484
710 27
184 777
277 308
993 882
118 662
484 632
128 524
650 897
905 952
713 103
253 806
831 723
651 297
423 350
600 431
244 462
253 8
375 609
461 123
478 939
906 984
888 808
50 658
34 15
897 139
883 94
152 126
227 823
246 866
963 150
976 795
545 813
233 774
416 290
74 770
916 503
129 963
204 385
885 790
425 128
859 231
473 416
715 186
402 924
740 162
445 794
66 465
584 654
894 943
199 271
111 451
776 496
835 287
263 798
765 578
473 66
276 731
522 735
528 784
393 385
933 169
195 148
346 611
316 783
644 28
562 627
688 698
66 866
730 269
566 703
109 832
660 560
342 563
346 264
191 704
601 24
985 249
435 216
368 213
523 63
279 91
303 849
179 223
921 530
294 572
600 79
412 943
417 883
698 740
364 432
596 251
384 986
909 162
236 762
737 955
245 324
837 128
250 554
309 551
699 355
771 814
916 102
248 71
400 668
828 308
297 804
176 947
563 513
489 76
418 976
770 381
628 473
745 870
376 858
413 811
175 828
180 380
823 992
918 924
723 308
854 542
447 476
379 506
950 493
552 588
536 337
664 134
917 220
224 653
279 963
470 134
881 557
935 456
816 877
116 570
711 673
214 155
863 634
80 850
204 421
99 713
856 972
359 779
530 629
267 665
17 590
916 378
21 695
246 667
985 281
967 857
113 118
609 873
761 706
703 163
375 466
125 647
971 235
717 963
868 369
671 429
198 312
236 139
424 261
776 122
133 419
952 795
455 312
443 656
725 42
31 633
801 522
144 787
437 846
154 340
452 808
337 971
36 912
537 909
719 445
49 283
382 865
735 679
315 184
124 808
106 879
197 52
129 316
776 517
427 563
230 456
429 97
2 981
679 941
684 729
975 490
546 534
932 287
595 63
339 509
1 4
647 133
984 631
124 218
202 798
21 442
133 656
48 488
306 816
561 814
769 313
368 996
186 733
945 600
198 856
432 494
915 128
904 495
133 963
801 121
716 33
248 920
299 372
760 141
568 203
587 665
158 745
366 316
683 138
960 565
868 134
962 95
599 278
363 470
536 920
95 23
646 429
449 161
596 694
507 983
274 460
386 690
557 911
370 390
543 243
311 588
204 540
904 954
209 559
691 466
486 754
35 534
625 869
574 317
300 626
140 203
986 653
329 134
383 479
524 673
376 359
529 253
287 261
658 923
236 706
55 158
221 178
478 515
337 413
615 966
529 799
715 564
510 176
441 399
135 247
124 641
306 754
696 243
864 167
771 661
388 567
246 775
724 659
618 506
198 922
592 721
591 429
629 538
601 677
48 355
30 407
603 499
713 535
807 197
294 280
618 668
836 363
765 347
646 220
61 596
910 353
380 302
75 280
557 576
852 688
268 993
415 850
968 641
751 894
863 336
204 211
145 251
623 432
187 896
230 595
192 826
339 573
29 393
765 927
805 312
218 578
716 197
351 802
585 646
507 608
829 19
614 779
406 460
248 624
277 593
79 805
117 402
465 913
397 797
556 25
112 318
865 336
442 387
973 933
687 139
447 918
446 831
987 677
514 303
964 137
378 936
558 156
747 37
145 609
755 558
917 259
330 431
900 983
978 499
541 963
709 97
803 228
343 679
997 678
465 349
104 555
54 937
189 910
353 736
149 387
135 104
716 631
250 856
162 454
897 25
590 168
67 479
915 621
828 998
926 69
758 116
760 659
314 479
902 52
580 892
66 268
621 574
712 941
971 531
339 934
539 39
925 126
543 691
836 335
565 919
233 662
270 301
347 394
4 889
669 121
411 873
527 335
290 550
313 383
364 862
554 442
133 317
220 533
969 993
252 747
751 515
423 548
908 580
692 211
566 700
365 469
722 918
526 194
429 952
457 311
631 847
923 62
856 75
175 165
75 977
993 310
222 128
725 539
319 588
136 961
642 333
808 125
681 497
334 745
995 529
927 380
364 448
486 959
349 436
441 920
211 463
174 193
70 374
724 791
909 899
20 670
665 167
48 239
581 27
231 662
732 153
736 92
186 117
84 833
46 729
875 643
91 432
864 240
556 222
902 502
278 572
410 748
307 824
444 899
551 938
219 389
898 760
518 177
250 594
669 315
266 382
927 615
252 75
860 394
842 909
269 748
351 273
996 90
617 139
891 356
178 713
685 329
68 565
456 461
532 228
706 206
816 703
95 941
669 974
561 717
200 803
347 692
921 945
541 180
572 928
374 239
329 574
386 687
434 611
153 712
189 26
193 818
783 280
848 925
859 613
307 140
938 674
45 588
951 680
164 174
883 782
130 458
832 208
652 787
528 313
417 798
974 130
405 309
876 376
438 807
828 507
704 137
418 787
628 280
81 939
334 487
392 938
945 2
395 33
713 62
418 898
555 847
438 65
561 498
870 68
599 542
298 591
685 81
392 648
565 523
999 368
604 39
536 319
954 18
578 902
972 224
355 515
357 113
485 140
125 245
882 272
111 70
414 795
203 548
792 71
554 227
192 843
860 622
756 559
226 526
232 306
18 258
381 574
865 941
241 75
601 923
942 740
662 293
371 900
271 197
610 603
976 401
726 45
375 433
839 262
824 37
863 396
244 348
705 998
212 274
415 927
550 206
38 434
354 127
934 248
424 113
482 155
196 925
468 90
511 4
597 899
778 815
880 185
53 881
169 364
541 732
11 625
709 362
453 44
917 637
645 686
813 316
418 708
890 993
837 71
569 793
605 43
474 607
326 980
419 242
707 615
410 403
15 940
72 174
805 522
520 694
171 674
758 634
760 906
923 832
449 949
836 39
675 580
737 430
846 120
295 210
613 339
983 161
533 114
57 425
996 316
957 483
803 660
788 23
534 516
704 895
670 68
284 263
90 82
898 851
901 400
116 738
501 668
411 652
730 98
826 433
31 573
688 434
674 893
640 309
414 672
556 633
608 635
799 495
526 801
543 909
433 694
549 704
587 277
38 79
170 351
933 242
881 129
790 581
238 518
960 304
687 967
355 294
344 771
420 874
761 83
93 216
69 397
538 388
593 823
244 997
84 78
377 60
970 43
644 808
314 727
459 546
26 195
814 152
545 677
552 135
787 736
701 826
802 723
931 813
549 358
182 369
774 661
187 45
906 533
745 523
931 954
897 894
71 887
607 577
278 611
906 740
451 257
124 879
736 177
628 455
646 738
322 995
48 83
619 268
551 675
733 796
737 345
377 605
278 529
266 121
711 921
148 203
896 478
219 11
404 495
161 246
661 193
169 434
891 490
926 191
507 485
879 133
846 886
522 104
595 562
264 888
212 918
398 487
721 248
540 596
8 381
13 756
195 721
824 255
471 612
844 194
1000 448
801 145
108 709
282 614
817 857
857 234
170 479
435 60
769 812
79 629
59 150
389 895
51 204
605 653
731 638
74 343
991 416
448 32
70 939
570 627
682 313
667 391
874 705
321 711
35 465
930 955
970 252
476 357
773 543
250 342
54 590
516 311
644 780
546 814
900 236
842 133
72 240
588 609
317 597
447 538
709 435
175 619
830 202
698 964
213 33
348 77
205 724
386 302
280 725
767 850
514 82
914 792
702 919
626 676
64 555
449 851
12 267
784 308
489 50
825 552
668 222
224 929
443 385
154 980
284 907
451 138
397 437
241 610
3 745
354 835
120 353
194 952
525 596
893 122
516 937
760 817
447 47
159 635
4 568
684 202
722 277
103 782
109 333
720 254
976 136
760 527
281 666
764 239
88 632
251 900
554 381
20 305
811 102
261 73
264 995
411 884
752 574
935 185
231 562
691 685
22 665
976 325
351 71
471 3
959 900
781 612
378 227
164 634
165 143
97 585
792 599
985 170
895 860
888 923
192 914
264 319
934 812
848 557
374 313
835 825
591 281
751 900
222 780
466 450
28 605
682 282
698 617
921 270
405 421
629 561
49 507
71 686
666 122
390 330
980 414
429 496
380 610
908 840
278 767
630 209
599 537
301 822
177 488
977 257
980 636
820 713
876 829
202 796
802 223
87 75
129 879
183 468
689 548
587 812
399 236
661 249
320 857
526 697
410 949
17 927
109 305
775 274
204 459
521 287
613 97
405 684
565 974
237 141
467 911
369 29
393 253
15 82
433 649
694 524
471 925
165 210
97 740
21 862
333 924
907 689
528 858
691 310
330 866
238 619
795 788
134 870
268 684
572 482
919 143
50 500
571 698
309 247
477 915
773 710
500 247
843 270
460 829
684 778
847 334
120 767
887 601
301 342
692 323
698 666
473 741
610 510
542 333
452 882
455 866
352 65
339 189
948 993
595 341
461 882
923 549
582 282
215 327
452 11
897 898
571 215
954 213
581 240
405 155
428 12
67 340
139 67
103 402
713 170
626 765
755 995
50 749
713 315
969 22
920 251
747 161
169 678
646 944
831 380
427 106
967 840
881 747
219 460
294 286
96 625
578 653
232 81
513 798
91 822
111 315
347 535
322 126
473 506
937 587
5 123
567 175
838 901
441 517
429 123
339 590
446 278
428 773
359 563
655 70
514 886
87 512
201 593
588 43
589 186
518 311
403 705
354 145
725 398
122 181
468 921
714 913
236 205
165 71
717 538
79 513
445 439
804 610
428 119
554 137
460 660
321 762
822 858
740 547
410 48
139 594
675 612
879 780
456 686
199 654
809 238
574 430
709 333
856 143
527 636
787 739
883 630
131 775
62 877
326 934
206 376
478 765
286 304
492 560
306 434
243 826
22 350
710 659
126 844
361 386
456 106
738 512
613 404
120 215
578 824
309 275
989 433
793 222
776 908
135 507
690 622
341 674
825 749
521 740
354 815
775 171
906 86
926 45
197 735
536 487
132 530
578 638
872 351
601 647
683 956
589 94
224 867
479 778
480 956
815 748
356 199
929 121
622 222
882 59
836 640
354 4
940 415
100 204
411 875
656 878
911 46
34 718
643 836
420 715
762 596
100 851
816 612
247 28
29 329
911 95
455 51
661 644
158 58
778 672
619 722
856 640
734 673
829 339
226 904
818 708
530 208
804 567
696 152
515 700
937 210
754 485
762 921
853 462
234 417
398 979
536 752
22 847
316 104
464 827
218 720
398 578
428 966
614 644
634 78
598 493
88 358
396 103
382 840
421 692
996 381
692 787
28 745
583 409
235 311
890 78
741 993
738 810
463 303
99 520
839 704
400 671
901 881
172 435
65 262
591 208
305 359
234 263
309 375
863 816
883 142
12 669
116 871
478 906
564 755
910 995
693 401
147 501
936 686
774 178
579 278
426 238
11 435
698 347
800 575
838 803
802 269
122 920
123 65
877 984
995 149
99 424
523 570
543 951
825 310
961 438
174 581
468 866
36 558
454 853
170 276
812 875
246 43
946 437
620 284
730 492
531 245
516 103
330 990
576 922
45 569
762 957
450 599
127 205
992 586
980 162
421 374
373 77
598 414
343 805
605 434
967 303
843 357
258 181
671 571
304 475
601 283
766 639
474 807
1 605
824 292
918 384
390 553
412 153
1 462
809 439
296 798
119 992
101 597
687 306
582 172
676 33
144 466
715 525
535 254
707 653
210 79
447 654
98 655
805 532
884 51
693 723
840 185
694 308
309 730
680 450
447 364
310 295
707 824
928 699
141 878
318 215
662 432
800 818
479 940
831 347
134 249
372 540
547 784
146 683
54 288
711 420
522 94
336 69
686 677
446 142
488 384
180 510
796 646
874 162
912 909
747 998
198 750
894 923
130 838
845 333
167 161
649 418
743 902
997 402
235 586
907 630
506 351
507 138
57 847
77 692
389 776
229 585
503 382
964 764
804 873
786 140
660 661
132 46
995 30
925 273
925 759
854 199
255 350
517 413
631 19
668 31
955 921
142 370
491 444
303 214
866 128
999 988
911 730
18 855
112 134
115 745
921 606
792 850
903 666
61 211
923 248
601 454
273 291
666 266
776 454
796 921
47 273
362 993
616 788
432 283
606 883
931 83
426 841
176 784
943 952
68 262
50 825
14 868
932 431
681 745
663 329
741 569
542 554
375 751
410 401
999 497
875 815
676 980
415 128
42 776
519 270
524 224
945 957
174 473
641 388
291 287
718 154
828 622
7 75
698 747
13 824
817 340
267 887
508 330
20 37
521 600
149 391
578 539
741 509
725 984
808 448
379 276
326 427
641 215
185 83
846 792
781 999
894 548
437 301
914 158
63 423
626 17
937 586
332 388
481 966
476 595
523 501
726 220
803 837
532 269
991 412
494 400
35 840
337 310
226 997
557 863
269 151
731 532
606 384
109 856
865 538
203 415
978 795
519 62
653 753
636 943
872 341
696 364
69 460
451 822
912 452
732 733
568 294
808 245
166 451
528 756
953 905
719 374
452 566
466 504
411 409
340 289
775 593
919 192
762 326
672 546
33 788
396 418
474 910
476 80
262 447
139 128
286 305
180 860
732 769
474 561
383 675
531 421
776 687
739 483
121 400
656 389
733 545
660 469
448 735
379 613
876 759
272 525
664 831
457 519
417 455
91 454
77 167
613 373
741 384
462 675
500 530
836 404
898 531
422 285
793 511
647 492
225 781
997 103
711 697
512 401
290 323
627 470
667 660
316 711
686 733
376 766
488 472
642 671
384 691
593 427
132 305
553 800
268 817
470 459
454 588
419 923
792 351
42 66
407 478
433 839
144 766
677 556
302 1000
259 735
385 904
26 766
208 757
25 357
36 523
676 970
322 404
105 796
218 549
950 786
114 594
35 578
715 36
904 885
724 350
923 291
930 278
463 26
364 285
668 928
758 117
923 160
193 387
303 475
936 53
774 853
978 688
5 820
246 581
378 752
162 549
733 442
14 528
546 671
638 489
729 571
220 130
97 457
379 803
965 232
514 80
292 902
974 862
364 752
564 990
546 609
31 507
399 583
384 164
239 132
370 501
371 52
251 602
548 294
796 894
788 277
537 19
208 375
422 16
409 640
817 259
287 675
73 531
902 388
426 325
923 955
102 742
949 183
987 108
121 267
632 365
850 732
674 110
747 203
475 673
585 180
670 130
512 236
473 384
551 133
143 414
49 57
806 362
604 561
808 738
711 369
61 778
997 462
545 197
714 756
531 22
866 411
556 579
53 327
101 299
94 253
943 498
285 740
976 716
304 921
992 732
754 471
791 830
114 630
874 656
193 775
472 388
899 137
403 982
761 258
814 500
562 373
344 894
396 668
619 734
923 140
53 397
221 57
296 880
992 792
442 297
957 726
780 113
949 678
508 570
89 968
988 204
55 39
735 577
171 554
387 633
210 76
908 397
64 532
552 383
739 201
872 988
598 970
159 170
698 824
366 938
702 768
404 67
614 124
500 692
309 330
113 633
955 328
86 660
33 280
237 984
917 252
367 181
8 586
318 515
926 106
848 274
556 995
626 535
523 234
526 703
176 415
837 966
142 644
453 973
863 104
803 987
933 616
275 146
95 893
243 518
445 862
318 212
212 575
708 964
912 797
506 348
622 6
380 373
401 280
338 885
86 195
325 926
342 825
492 238
937 271
653 794
812 953
320 263
193 15
748 831
363 347
330 864
259 420
338 663
299 935
969 275
228 788
86 429
607 5
487 733
791 834
994 74
155 228
75 781
979 339
942 325
140 546
657 43
112 278
828 180
352 357
122 339
589 897
861 188
349 72
540 407
476 464
780 390
82 756
675 680
749 999
456 402
148 552
865 42
205 521
993 592
500 123
966 360
35 86
582 280
50 905
580 265
229 357
763 917
346 387
845 859
723 259
449 906
376 918
195 186
927 885
57 317
534 313
607 925
388 563
3 916
854 602
565 669
712 127
593 172
811 885
595 938
264 752
941 746
708 139
233 813
401 585
54 269
972 768
20 149
396 800
194 845
299 438
321 402
702 422
983 384
803 614
86 839
76 220
973 170
557 555
389 478
699 985
584 663
177 807
130 811
193 611
817 791
88 673
980 953
913 464
442 984
838 29
854 113
503 349
507 774
880 284
593 761
151 801
230 986
854 224
400 459
218 590
790 600
493 696
540 55
448 455
914 220
112 84
526 639
939 691
248 628
869 830
819 105
503 528
877 483
736 665
364 314
511 37
23 73
891 587
92 684
420 75
891 568
567 957
878 806
153 193
746 704
33 811
896 663
788 941
415 117
610 371
387 544
483 983
871 120
339 347
802 577
514 77
842 334
609 73
82 75
982 817
484 459
177 421
898 142
417 406
915 659
236 960
895 496
78 39
798 316
46 705
152 172
793 220
996 509
903 99
767 622
860 156
846 91
828 994
923 990
393 895
528 411
656 563
570 25
592 689
313 48
281 530
47 739
65 775
929 142
894 758
845 50
995 413
557 510
794 976
246 513
281 643
506 690
313 274
575 238
891 205
547 521
351 479
616 100
497 200
778 686
598 39
783 106
229 640
268 528
35 871
986 781
182 970
643 612
222 475
320 335
728 380
545 794
92 995
933 147
4 185
740 739
647 849
482 239
763 322
469 51
587 16
383 189
743 397
155 172
538 195
88 249
640 848
365 755
422 366
938 605
627 595
586 427
288 634
828 124
23 194
279 308
695 470
512 869
681 963
475 425
183 920
974 957
153 221
995 610
248 221
157 765
747 5
585 226
624 328
68 489
885 159
945 916
282 362
249 757
789 345
115 796
926 706
547 139
819 942
327 851
696 216
55 480
93 685
427 889
410 633
181 528
384 84
21 417
333 79
281 460
391 883
820 615
568 456
875 532
256 30
720 467
771 721
976 877
393 923
671 328
967 673
768 121
441 903
157 67
485 374
33 93
7 82
15 421
302 819
692 383
240 406
413 283
440 167
132 165
425 181
99 426
579 852
708 624
91 542
682 466
991 227
651 520
502 980
263 910
412 452
874 782
577 68
913 186
307 87
678 122
37 66
682 393
634 159
339 870
765 820
274 647
203 311
813 562
46 623
503 728
808 206
370 963
792 999
465 989
211 145
965 792
896 817
144 54
988 431
920 703
706 932
931 793
895 40
20 600
311 43
371 324
288 494
438 170
283 363
829 102
192 448
945 684
158 821
468 421
980 520
249 514
358 428
509 48
841 531
513 228
738 697
426 407
997 988
711 866
68 992
397 790
773 510
54 183
132 522
828 938
399 263
674 56
43 51
981 537
983 511
380 144
398 307
916 436
996 122
137 11
648 921
356 360
692 450
4 743
132 153
868 131
192 676
216 298
363 461
215 548
589 70
381 796
916 633
811 357
481 666
812 954
249 422
485 814
184 311
661 811
97 618
782 17
89 510
805 400
2 479
535 747
597 30
974 680
791 946
841 341
951 648
974 731
866 992
351 632
687 242
525 243
545 669
984 363
287 256
823 498
515 37
292 106
644 711
595 275
249 851
594 937
25 418
196 349
732 831
81 907
667 908
851 219
543 241
600 473
414 447
16 890
220 193
758 638
193 950
699 670
681 905
920 335
813 252
138 436
471 24
556 162
354 774
116 857
409 54
507 364
569 729
417 68
419 562
313 27
6 22
778 119
484 20
11 364
591 601
82 187
568 211
67 149
108 575
310 555
369 429
483 165
321 258
708 938
13 716
238 185
720 72
173 902
566 395
306 435
401 251
809 646
627 651
442 985
751 649
97 517
114 733
591 925
407 154
277 890
888 871
190 745
249 307
360 756
344 25
731 903
454 34
365 637
715 96
805 5
938 614
357 654
265 784
319 541
268 433
306 252
235 46
425 730
282 639
671 765
733 340
141 579
992 850
633 96
12 61
162 654
434 747
111 593
790 116
741 970
832 826
941 248
103 205
452 987
989 236
681 715
417 405
290 157
457 948
849 490
408 208
82 475
873 508
289 851
881 985
641 397
383 899
646 881
554 322
760 938
957 166
530 982
505 785
440 336
202 953
444 689
253 356
402 756
898 529
669 338
158 201
565 914
937 539
575 233
647 652
9 8
856 613
378 112
539 616
351 478
1000 452
104 281
857 381
472 797
952 39
865 858
424 640
591 960
631 183
543 877
705 38
837 748
1000 738
52 831
880 392
109 826
319 180
285 655
329 359
937 96
633 689
762 23
31 528
179 805
257 627
439 367
248 256
504 874
912 177
987 791
143 823
40 12
942 493
28 629
712 542
788 979
149 807
867 558
799 317
782 517
733 41
26 282
701 715
581 117
804 212
550 944
591 44
866 637
82 44
963 461
529 619
314 43
764 551
252 232
968 36
769 53
977 426
693 414
31 283
608 138
612 706
81 14
869 253
851 606
851 561
108 865
648 647
987 110
626 994
60 924
901 306
893 344
52 296
272 920
864 578
294 293
920 980
360 225
640 467
895 182
726 448
864 561
61 663
711 445
364 808
609 867
801 853
154 35
822 953
381 887
238 992
599 505
839 250
398 144
401 92
238 595
499 849
519 27
908 613
620 287
372 763
507 958
398 771
991 384
614 837
425 999
981 154
344 209
737 654
758 36
193 508
487 246
59 354
421 631
188 49
709 369
965 775
680 905
308 842
975 210
178 339
233 473
840 629
352 441
280 646
399 777
634 323
447 570
595 315
726 254
832 529
897 777
989 57
25 118
376 158
193 824
696 63
11 20
954 172
811 621
634 916
907 94
780 800
710 545
16 573
826 98
21 452
557 146
650 308
959 258
559 836
121 680
450 270
718 95
59 750
444 956
482 539
821 350
616 936
313 111
495 339
685 767
341 953
364 622
294 321
119 244
247 419
29 236
88 600
695 603
534 863
773 253
170 66
445 860
503 202
288 25
532 372
806 383
922 229
38 213
27 356
906 417
265 319
621 436
679 340
78 869
964 782
41 465
117 358
668 26
495 723
167 510
250 168
88 3
5 495
736 767
53 715
455 683
816 282
528 651
191 893
178 12
792 563
867 392
72 614
538 335
885 52
278 962
460 929
529 128
586 115
145 228
410 365
907 802
576 468
116 21
499 391
376 186
233 215
529 930
65 42
903 573
336 728
387 996
690 759
103 398
505 907
309 315
332 620
439 904
98 778
135 403
484 311
600 760
729 916
94 946
702 653
354 775
975 667
941 343
426 172
765 928
816 911
820 975
358 570
55 638
169 571
756 665
194 158
301 730
930 266
470 51
453 943
627 364
111 327
316 685
544 648
412 248
877 780
494 654
668 297
191 332
530 454
17 665
894 773
517 220
186 844
27 320
891 1
801 377
195 534
199 70
346 662
511 880
169 247
260 218
244 514
969 600
807 660
496 102
615 525
939 548
189 93
796 171
341 258
960 420
444 13
338 520
353 320
571 730
273 371
322 608
634 54
173 474
466 356
672 327
657 21
933 416
654 458
273 413
516 495
352 498
615 583
192 363
211 57
714 416
865 52
594 906
562 236
943 601
714 307
478 880
962 793
129 845
673 746
46 340
12 284
749 765
243 102
832 729
732 34
24 481
777 741
940 87
499 129
889 521
301 907
285 262
837 745
845 206
2 552
186 445
159 386
785 983
45 758
180 258
146 750
698 323
190 827
928 452
527 292
894 583
409 375
816 649
626 48
203 193
422 45
338 936
683 622
692 443
235 560
199 149
751 664
219 518
299 426
28 3
636 232
490 910
566 519
683 406
695 929
811 221
243 798
100 957
69 586
514 713
736 857
827 995
743 574
330 265
123 741
386 999
615 576
463 247
795 727
654 132
490 307
442 574
154 490
136 593
139 626
800 424
782 744
509 486
594 588
296 919
532 209
779 546
438 861
184 812
775 694
241 938
405 509
448 528
693 842
641 295
366 546
594 769
866 634
940 789
210 246
798 399
666 478
228 918
67 272
909 671
860 243
203 720
738 659
319 142
266 6
855 456
841 650
271 811
953 320
699 804
405 945
450 346
858 335
777 995
781 987
229 238
967 834
492 592
574 658
151 679
712 407
881 256
494 365
578 352
708 995
656 846
217 904
876 472
281 936
178 704
845 310
454 830
424 381
445 25
670 562
817 942
213 45
877 246
321 900
621 241
14 417
761 511
867 743
627 864
791 586
930 873
611 180
79 874
669 524
696 406
298 365
339 301
128 685
1 593
149 713
885 95
889 20
118 678
359 136
823 281
93 124
187 507
595 486
79 57
140 915
382 74
510 159
371 247
188 903
598 862
353 78
332 762
941 80
836 186
89 983
327 817
759 850
350 432
558 299
707 943
162 8
256 77
699 211
607 954
591 289
884 221
885 516
817 300
746 218
220 677
790 824
836 495
431 597
949 136
828 795
707 90
360 79
913 201
768 246
739 589
186 599
939 127
542 424
821 127
915 246
274 146
99 379
63 284
411 855
194 93
801 227
53 278
493 943
189 342
578 929
857 180
969 978
364 924
554 124
732 82
351 166
298 318
118 343
490 966
930 683
435 123
971 29
455 388
238 766
226 76
568 415
529 505
382 603
109 769
165 63
39 986
316 189
890 22
451 862
87 974
588 881
648 422
680 375
486 836
876 180
199 673
24 859
945 501
377 155
878 777
754 811
884 718
685 491
558 139
84 790
654 414
913 736
254 450
844 824
297 587
225 354
90 710
996 742
618 176
297 869
263 72
604 402
272 549
917 59
6 234
68 951
381 152
208 306
873 32
376 520
251 756
483 502
752 959
676 517
755 4
404 320
884 412
428 446
211 950
507 479
486 14
695 408
755 181
703 957
228 19
584 267
203 855
349 882
1000 91
663 122
786 970
694 707
643 879
863 712
170 39
78 676
227 170
835 299
449 100
303 257
325 729
569 155
308 425
373 10
167 423
668 200
32 170
514 738
513 783
40 869
57 585
912 425
485 977
895 942
972 421
652 555
821 816
667 46
466 357
840 682
456 723
705 665
573 152
187 325
681 302
118 895
174 61
913 819
589 930
36 38
541 811
323 530
430 794
748 369
658 521
719 144
371 570
872 889
836 988
809 324
827 243
595 15
104 530
267 88
896 392
254 216
715 934
555 653
44 142
889 927
798 291
214 570
841 796
290 10
658 518
721 822
522 417
686 404
500 751
907 409
107 967
146 973
864 858
276 56
492 704
632 230
717 851
159 397
641 134
219 446
367 238
484 10
980 919
160 960
33 438
949 192
843 581
379 165
967 988
608 445
627 331
664 511
991 883
276 909
26 984
578 285
501 634
484 872
983 278
477 920
808 778
46 490
377 565
748 604
587 683
851 920
882 790
600 494
155 274
302 615
532 412
758 316
433 549
736 858
946 648
574 130
377 384
566 806
74 416
203 268
870 644
669 551
446 992
106 593
123 597
40 127
296 9
79 774
351 557
227 531
767 405
917 590
422 75
685 418
832 122
226 457
524 864
27 792
176 766
603 825
841 946
478 563
917 288
120 26
905 988
270 954
590 707
85 938
291 746
600 403
704 406
608 942
646 704
871 895
509 922
258 560
297 974
68 911
140 556
225 488
826 63
480 639
686 547
727 141
307 766
186 47
829 861
756 675
635 530
502 623
621 862
312 151
406 865
777 883
81 302
815 655
322 48
342 55
778 367
679 221
869 366
61 774
137 206
514 904
17 352
489 803
556 207
960 592
743 895
526 84
473 215
937 160
153 721
355 279
368 187
910 237
363 256
353 298
960 382
597 7
869 994
504 938
302 349
549 996
844 672
772 133
781 209
605 397
311 262
297 332
540 280
852 26
999 149
639 242
614 482
280 537
745 683
14 994
534 213
420 285
461 759
169 484
671 836
638 265
208 244
306 484
580 962
634 688
62 953
214 640
343 356
111 760
811 734
847 180
410 553
488 969
215 302
110 218
879 263
572 749
888 170
708 509
361 238
987 174
314 188
465 184
471 325
121 686
394 244
876 842
879 485
260 639
612 736
100 476
872 269
158 244
91 179
552 959
238 70
777 798
910 738
453 969
685 526
670 226
567 542
656 796
789 528
208 915
88 713
469 84
752 592
941 838
946 624
396 42
178 966
56 406
520 293
285 595
677 369
308 756
882 689
957 193
925 611
748 842
228 48
1 865
151 255
209 938
175 245
396 198
469 392
752 28
979 343
232 944
448 157
469 633
640 795
679 666
518 796
117 55
559 448
83 507
767 429
605 258
662 971
205 948
61 459
280 629
10 674
301 481
641 588
418 735
482 726
641 491
250 618
487 331
439 228
104 567
654 697
604 508
367 390
188 539
138 288
396 616
498 839
811 587
615 301
587 712
950 50
203 667
828 986
243 170
906 956
323 2
197 741
381 264
208 902
661 182
864 814
209 159
997 78
700 131
569 335
842 893
354 615
405 601
389 36
78 570
483 166
467 813
602 176
506 269
747 953
329 780
368 742
507 173
713 970
437 714
463 590
857 151
105 666
949 274
521 104
796 54
913 246
491 614
8 445
916 911
222 114
388 288
717 982
49 1000
749 143
340 217
594 711
105 948
38 288
832 369
448 74
415 670
472 320
204 655
886 87
946 88
268 428
107 92
473 602
376 504
500 133
145 914
326 777
308 780
93 50
799 346
267 381
31 236
303 523
362 53
415 77
715 635
130 175
956 359
405 487
279 498
604 337
253 829
179 646
846 274
699 74
775 882
154 840
233 177
824 876
896 393
992 34
756 59
315 311
564 886
162 637
693 534
197 935
702 732
993 968
55 453
101 219
305 462
738 713
885 763
48 424
232 149
431 927
163 585
493 306
988 619
186 789
773 273
941 603
636 405
178 733
368 691
561 584
307 816
588 359
458 396
941 893
215 632
226 117
916 589
242 438
133 293
937 63
416 999
680 596
130 557
298 503
749 470
951 958
865 569
268 370
577 109
740 751
13 177
880 26
93 451
790 491
444 19
541 635
264 409
653 865
861 990
164 178
607 238
705 370
724 458
294 952
878 855
649 667
529 189
785 331
608 722
899 479
210 545
282 455
357 897
712 656
340 689
409 554
131 758
888 433
732 226
399 733
539 938
663 652
336 531
903 157
921 134
16 837
453 400
944 182
390 387
780 516
508 352
368 787
771 580
132 734
595 776
667 663
589 282
275 302
37 947
423 94
116 924
781 226
162 196
608 380
38 627
111 155
259 866
979 271
542 35
377 773
930 193
659 261
138 828
929 31
587 615
34 893
878 106
226 725
621 316
90 388
380 122
730 38
758 132
167 409
939 320
942 993
928 63
32 100
70 748
971 115
539 407
868 457
326 831
122 362
298 933
127 378
183 564
705 483
47 37
511 104
501 2
696 408
218 804
737 764
44 636
192 183
71 385
273 458
296 885
727 782
953 821
864 360
2 59
314 889
991 577
408 510
301 148
125 329
862 694
332 68
228 598
335 850
512 611
909 991
569 886
813 381
332 756
370 387
689 61
289 687
508 277
746 800
777 722
414 97
124 908
401 838
918 945
81 222
927 671
817 290
232 350
765 108
512 304
108 817
806 694
368 910
518 250
526 985
101 100
873 219
512 431
986 282
234 519
773 763
310 976
848 279
219 898
566 430
418 433
682 898
502 842
800 729
393 149
934 308
830 485
388 152
801 225
772 294
97 652
143 502
428 792
251 135
844 400
611 359
518 721
136 47
527 173
166 255
153 684
649 791
557 902
441 530
527 210
70 859
369 594
170 645
246 184
871 485
412 714
491 67
308 523
457 503
511 12
168 126
504 822
830 57
71 468
75 913
849 966
761 146
101 657
374 655
567 596
59 357
645 662
649 723
344 637
236 571
172 390
887 884
158 650
654 527
215 495
514 98
673 687
811 684
813 470
219 760
432 127
875 805
125 478
789 157
257 100
556 376
849 386
372 297
963 390
690 754
279 828
29 649
727 342
380 867
769 114
627 162
899 967
211 971
33 319
474 411
368 938
295 91
595 945
759 807
219 453
617 186
397 536
924 434
218 23
533 348
685 625
873 977
947 630
638 595
184 10
919 740
612 74
21 484
872 151
137 669
319 644
239 240
109 48
790 883
504 632
591 1000
467 522
998 986
25 810
57 990
294 989
990 919
445 95
127 429
218 587
493 691
114 552
867 122
151 173
246 21
467 360
71 154
697 543
544 811
981 351
141 40
377 196
932 593
179 890
280 547
387 265
136 519
447 921
777 85
675 762
400 908
224 192
633 100
409 114
836 591
801 900
591 84
671 940
3 612
337 146
487 253
729 836
159 361
108 246
102 877
840 70
596 134
759 901
150 727
449 538
739 706
517 633
793 265
684 222
212 815
798 82
345 458
350 597
480 947
424 634
657 767
512 6
930 301
59 497
753 342
642 665
156 490
921 462
902 847
760 618
119 185
680 953
505 422
460 243
941 892
502 850
363 822
969 799
271 261
169 839
976 337
540 882
557 812
905 219
553 745
322 340
577 243
802 433
889 101
503 429
506 115
282 125
403 595
649 815
725 28
480 228
531 335
71 382
992 677
274 668
923 9
118 959
890 76
140 309
752 37
435 339
74 49
93 371
207 255
120 719
835 978
766 586
80 626
767 407
753 589
165 727
168 197
831 906
174 95
527 601
728 507
491 809
989 42
960 862
638 275
432 284
235 300
453 381
720 908
516 605
205 716
576 480
667 987
427 606
652 13
880 566
96 5
946 801
496 815
900 530
742 396
304 114
949 622
751 438
399 589
737 268
650 653
153 371
484 379
814 56
38 662
324 905
952 434
944 49
715 638
567 497
38 737
637 13
4 544
890 859
138 170
780 749
656 931
553 777
989 801
216 392
61 546
744 252
284 327
32 296
124 134
420 647
203 785
440 61
373 609
134 449
670 279
602 105
952 88
751 840
132 162
117 620
256 563
47 849
228 266
772 466
259 289
812 979
553 594
825 424
807 712
558 694
563 284
213 155
530 47
948 290
364 89
347 941
459 823
779 788
161 929
323 851
865 437
131 25
583 199
622 539
610 99
956 91
889 424
288 667
491 132
990 366
719 308
499 657
214 932
710 89
527 701
10 543
482 560
162 690
609 27
383 656
921 135
426 751
681 604
488 956
965 182
469 935
92 38
594 224
723 508
228 550
634 545
484 392
653 473
840 160
128 236
37 884
149 138
137 626
724 530
820 721
923 651
419 396
242 857
168 652
25 773
564 734
525 624
416 390
953 353
807 330
111 73
820 399
245 787
814 645
684 166
981 548
307 589
661 370
888 194
620 684
63 392
317 120
750 82
787 452
679 114
731 595
259 639
540 660
99 380
482 364
239 924
437 756
630 535
989 481
925 351
35 853
17 322
697 288
826 644
421 160
598 268
243 810
435 245
946 449
570 641
40 908
536 529
374 115
801 435
964 921
877 360
715 21
577 84
943 13
305 681
857 964
765 184
572 361
615 645
283 350
891 677
383 792
417 832
549 23
348 888
810 581
817 331
558 799
227 557
871 364
193 589
261 278
370 883
230 463
318 345
676 253
515 185
222 611
118 560
656 1
162 726
842 340
576 296
922 130
343 266
783 985
698 887
924 329
367 384
741 691
245 548
254 818
918 995
834 654
392 685
300 462
600 764
710 513
750 562
521 752
495 413
445 696
300 349
543 419
295 90
125 769
115 279
333 372
821 47
259 970
575 240
691 975
963 850
801 19
660 850
848 18
385 820
949 316
863 346
166 62
938 47
995 210
777 107
852 553
800 964
217 118
787 190
437 633
612 169
355 192
517 506
738 730
482 197
193 158
30 891
344 30
130 361
517 267
313 805
120 581
796 214
198 24
131 81
460 739
283 314
925 871
53 860
649 637
727 832
174 64
146 376
383 330
25 272
154 180
415 79
71 729
3 329
743 43
34 433
641 735
236 943
962 789
444 572
428 89
445 812
927 49
975 293
66 768
779 454
418 50
703 623
621 786
91 479
698 109
669 444
733 47
889 766
618 452
893 222
566 44
949 860
842 780
720 914
901 729
775 304
883 510
307 532
647 378
155 600
302 793
765 373
950 681
94 607
313 276
170 119
100 244
392 133
782 406
269 466
768 479
892 234
56 481
735 355
706 103
9 932
951 779
518 670
868 471
100 953
908 638
305 535
503 428
35 762
109 821
939 516
152 850
338 601
90 659
403 963
387 70
407 923
65 288
654 136
801 724
269 918
657 971
160 186
47 353
955 97
842 59
2 162
741 823
615 802
447 956
280 687
978 314
80 897
28 737
893 717
250 561
591 232
110 713
463 470
444 593
741 699
126 87
970 517
692 30
963 432
785 516
864 27
672 8
719 919
727 424
765 213
319 639
55 367
498 392
585 135
141 673
902 127
741 429
671 310
656 533
552 966
756 686
708 201
73 886
882 196
534 965
630 878
226 608
436 764
825 92
596 793
610 889
407 394
934 409
367 594
59 863
636 153
527 474
125 668
806 167
401 161
558 375
977 523
680 562
308 275
190 731
469 256
291 608
53 577
257 688
40 800
497 944
421 382
44 751
178 101
353 332
867 403
580 856
410 112
653 346
265 851
819 468
795 753
197 424
201 941
143 790
496 543
461 611
978 655
690 27
50 186
32 657
305 723
153 131
206 640
970 842
681 757
97 494
816 348
345 980
76 668
797 924
10 382
498 349
760 120
273 505
654 962
128 156
772 861
261 334
976 944
688 68
72 748
807 325
354 797
849 215
405 977
65 608
137 339
817 433
466 545
674 26
342 372
180 343
16 720
989 109
167 123
349 884
744 330
699 947
218 832
609 928
316 646
775 393
377 912
696 796
755 507
773 248
445 855
962 35
912 788
360 849
262 855
994 986
912 675
142 88
949 328
327 36
365 369
322 792
809 311
137 449
593 2
255 326
296 279
648 76
784 636
412 341
126 753
532 710
387 113
912 464
126 576
145 455
259 75
499 590
796 866
763 497
819 387
13 72
974 733
45 823
193 588
636 720
434 878
143 874
662 974
165 750
302 851
296 851
29 407
657 334
127 860
979 39
784 87
107 419
258 290
867 762
64 765
980 443
415 136
201 308
761 63
289 841
987 286
715 783
423 258
461 75
724 567
341 661
324 453
750 697
725 895
279 943
731 130
162 155
494 92
599 907
450 158
290 311
95 696
9 133
636 396
376 746
471 741
590 357
838 867
614 364
117 946
834 986
398 51
991 144
804 183
441 524
830 22
265 350
929 807
415 980
626 491
916 538
57 988
976 262
670 526
692 194
160 467
52 801
329 508
825 487
39 613
543 913
621 181
133 311
477 861
226 470
374 463
654 173
123 589
89 333
990 5
115 717
89 846
466 353
50 96
434 899
879 791
747 327
421 647
461 602
978 708
814 166
616 745
211 79
444 707
879 900
16 869
933 316
80 934
317 583
213 662
865 79
244 60
615 31
827 111
811 650
576 309
210 15
67 682
603 620
585 41
382 273
468 908
992 37
958 734
686 297
949 429
121 521
763 950
214 574
72 67
613 492
321 936
335 554
655 715
585 267
443 413
479 607
561 82
525 951
414 206
973 101
977 98
225 773
358 987
460 536
128 354
96 534
225 886
136 446
711 582
533 382
260 502
960 257
972 1
475 635
946 676
730 255
415 827
386 559
919 635
282 620
587 565
378 213
765 967
714 555
678 966
97 571
792 581
8 212
472 1
326 428
678 81
603 325
597 111
815 152
729 95
878 632
681 220
866 64
614 802
302 180
527 901
182 670
809 160
410 29
784 866
692 619
128 710
847 265
480 233
451 568
508 703
951 383
168 342
162 684
419 39
292 831
81 580
779 263
901 888
258 746
477 406
334 1
104 626
50 584
234 253
441 317
98 860
30 169
380 822
825 679
953 474
368 790
917 127
943 243
745 152
324 285
989 541
779 195
817 404
567 551
894 650
290 268
521 408
931 421
647 456
637 223
642 712
561 536
412 142
30 357
273 720
414 854
366 445
481 917
281 785
522 74
34 747
18 164
207 180
460 273
902 952
365 140
204 782
167 410
411 108
764 310
584 287
648 81
813 777
275 19
395 688
178 768
491 459
779 790
710 290
726 629
399 104
407 958
389 735
876 77
204 722
580 857
624 141
65 696
832 90
889 31
942 19
12 108
175 416
359 135
897 658
715 695
670 237
794 10
633 34
675 261
803 216
89 976
254 58
606 815
917 320
535 241
192 455
709 46
305 216
901 860
684 348
153 182
112 829
441 345
519 434
392 986
764 577
376 898
159 291
822 97
992 348
775 85
264 589
64 815
523 149
48 371
733 636
78 435
851 753
232 127
460 246
687 529
336 205
602 216
808 823
176 811
118 398
962 32
892 161
658 297
660 815
425 154
136 67
959 861
742 679
959 827
756 177
682 151
716 70
385 968
80 480
597 197
416 802
291 654
273 111
98 551
463 916
86 421
737 563
795 159
724 303
763 259
122 121
165 907
277 577
95 334
207 256
83 270
878 931
900 705
118 788
568 625
675 336
879 976
770 100
534 245
538 248
171 899
164 577
710 970
576 298
667 901
104 571
391 125
2 828
667 562
230 190
983 852
343 501
37 790
77 297
573 676
206 951
44 54
465 15
466 992
124 260
414 64
379 218
751 345
884 318
119 515
949 838
453 887
310 768
189 45
149 398
975 534
318 271
566 241
401 577
242 93
812 337
997 219
832 805
750 509
575 242
81 362
778 336
765 704
198 707
664 279
546 328
521 178
151 603
321 180
964 586
749 204
821 207
18 236
934 422
536 849
791 555
777 383
852 555
69 719
749 93
397 328
199 60
493 799
921 886
687 859
869 580
375 287
527 130
199 973
503 635
1 833
218 761
393 803
445 318
874 720
568 303
967 345
805 14
473 557
888 588
943 144
191 927
340 443
415 299
788 855
166 587
116 290
675 767
54 744
258 485
463 428
633 218
374 904
571 156
609 65
717 493
974 843
443 257
599 618
582 380
414 386
309 744
183 195
8 861
793 485
474 68
346 367
426 262
486 387
574 531
93 611
63 159
48 428
538 515
812 422
741 24
7 836
75 1000
963 18
105 318
881 653
682 950
534 575
630 768
332 195
632 457
890 693
462 586
946 835
138 772
547 672
734 994
649 400
926 399
417 886
130 775
226 700
190 963
216 378
144 759
752 412
750 251
792 471
740 437
557 809
786 604
915 275
293 427
443 530
351 229
796 22
766 796
268 671
127 322
457 338
662 801
189 123
852 813
299 999
502 226
964 979
679 632
635 260
653 925
656 181
219 370
93 368
424 195
101 837
54 581
606 22
457 29
780 404
687 179
653 127
254 396
297 711
232 682
608 837
36 214
755 534
700 173
560 984
906 572
550 746
417 473
283 836
790 69
54 897
1 11
154 987
50 728
572 693
372 403
229 54
717 289
828 926
834 607
941 665
391 760
358 629
640 140
988 724
95 610
99 615
924 588
1000 250
270 362
473 286
739 599
21 764
904 480
298 915
186 901
190 157
263 595
88 579
940 644
416 202
648 997
122 942
74 525
844 25
939 311
924 129
394 736
514 901
95 38
96 896
541 136
780 306
263 902
622 845
259 435
499 854
671 979
429 639
782 61
507 951
408 774
154 310
579 523
230 629
583 51
477 615
992 580
464 785
709 745
265 960
692 985
306 44
771 458
848 695
153 871
425 650
28 545
430 117
692 584
271 911
75 582
538 370
520 985
780 172
10 651
853 699
641 635
805 824
801 273
41 971
462 84
248 1
717 898
949 685
714 482
163 120
274 835
426 746
634 701
873 697
144 347
755 812
997 738
876 673
915 723
898 287
457 629
846 505
115 113
600 739
103 496
604 59
298 509
935 559
25 778
905 339
229 42
357 101
711 858
488 236
448 386
355 668
210 393
461 181
243 977
629 698
315 974
929 78
90 66
794 784
156 377
48 594
527 282
450 90
39 396
167 347
699 181
303 363
643 646
75 504
972 74
683 249
556 649
8 399
869 734
337 581
545 248
478 226
178 963
165 199
78 876
837 366
817 972
857 47
126 868
606 402
271 495
614 905
248 754
581 825
305 605
13 868
1 868
147 546
701 215
294 663
465 791
785 100
257 515
207 259
28 406
394 254
715 372
314 711
222 836
667 201
559 463
514 553
97 798
685 485
848 562
243 376
12 17
430 768
319 497
866 730
478 524
979 41
968 310
111 682
223 940
828 258
225 307
978 403
780 609
253 133
144 327
382 507
756 44
576 346
707 992
363 933
504 357
769 197
817 438
489 384
950 55
756 450
663 918
25 998
10 114
232 190
964 247
893 55
128 489
57 437
310 769
472 267
30 384
42 306
524 446
251 1000
317 898
552 815
461 397
659 174
111 445
4 793
545 43
85 210
734 545
75 484
157 904
955 920
122 841
363 417
588 94
899 925
536 961
579 933
221 38
715 165
91 719
833 50
461 631
105 959
182 769
476 486
960 443
9 545
526 510
288 504
515 875
398 621
60 84
478 319
540 302
265 792
322 731
676 318
145 306
383 486
634 416
852 95
727 861
533 516
494 330
957 676
745 614
287 892
598 702
169 487
970 817
679 83
600 270
693 895
55 102
883 353
277 24
443 256
63 555
429 301
858 673
107 671
571 12
718 333
621 357
115 184
479 699
794 357
639 26
654 777
569 547
182 30
594 54
780 999
12 633
107 957
93 610
578 962
794 519
82 757
634 838
820 571
604 146
690 839
929 133
640 80
604 769
461 288
268 852
530 515
881 285
755 260
668 405
920 753
890 549
123 190
218 358
599 189
445 157
47 953
857 325
674 917
511 797
957 147
151 860
303 1
566 649
662 584
535 698
611 704
668 89
762 940
200 416
50 288
468 55
416 730
40 214
740 635
870 702
482 855
912 282
549 91
404 654
460 770
524 655
800 431
969 296
953 947
782 161
19 773
175 398
343 632
129 290
331 644
903 506
151 369
746 813
49 459
3 422
956 256
371 224
723 119
707 666
343 350
897 854
120 143
618 242
486 322
841 849
606 595
522 508
98 858
816 145
937 931
646 853
81 245
924 687
137 683
11 206
418 196
147 510
883 8
410 864
949 955
773 495
391 520
195 411
654 64
931 150
864 602
648 535
332 224
685 548
395 277
797 106
855 148
507 10
845 350
578 379
108 654
596 651
815 491
617 400
969 831
437 525
43 650
762 750
669 882
525 552
356 595
85 123
806 53
517 430
624 549
703 439
592 476
749 437
217 220
843 48
865 600
904 908
947 110
18 870
431 190
999 770
951 703
983 955
330 167
293 882
334 679
631 727
467 192
981 388
433 182
823 481
880 793
996 329
239 750
806 725
836 636
616 567
909 248
876 365
145 651
310 335
992 786
511 474
421 558
685 273
172 356
102 237
728 780
12 253
159 126
841 19
288 893
914 737
607 636
311 83
746 912
979 544
275 514
332 753
427 719
907 249
874 124
874 788
380 741
328 920
845 941
43 511
353 571
202 768
81 209
889 714
506 942
471 508
521 553
208 220
449 710
531 640
302 937
833 632
683 766
233 712
659 292
509 523
807 164
100 56
817 656
251 956
40 707
740 104
749 230
311 783
350 819
651 614
753 124
169 131
122 165
138 654
705 98
333 865
938 314
312 612
132 373
463 775
65 380
193 295
800 265
197 343
87 967
218 658
348 709
554 808
645 511
539 148
957 445
452 699
182 580
257 947
991 531
562 414
1000 879
782 683
112 415
365 835
847 451
633 83
12 18
586 123
483 933
944 689
338 96
794 38
116 29
153 13
192 380
699 22
663 691
741 703
633 286
64 623
529 555
492 979
590 940
112 859
367 509
974 15
794 689
137 658
140 611
713 295
662 504
760 774
656 705
57 436
703 853
336 397
228 139
226 394
655 918
547 825
43 22
564 476
600 909
582 877
159 692
418 494
20 270
630 853
186 626
388 234
628 356
66 476
52 159
734 919
797 172
894 771
243 748
905 81
223 39
709 876
215 385
854 143
458 372
683 885
353 394
575 291
743 701
42 19
66 785
194 346
624 779
696 136
878 752
131 183
316 233
815 129
193 146
986 593
222 7
740 576
924 287
446 975
286 864
287 457
809 73
274 68
848 737
957 449
887 37
62 575
374 381
417 864
573 145
652 256
11 648
726 625
508 662
514 289
221 119
996 931
338 181
379 931
305 4
494 699
22 507
483 961
447 634
858 656
348 237
442 102
803 99
56 732
172 82
435 544
910 864
648 738
181 300
655 501
599 842
855 316
12 634
949 823
897 132
555 416
976 891
214 287
786 756
973 98
591 407
25 626
232 42
252 53
125 801
401 547
591 516
371 609
834 795
433 914
733 870
397 567
704 575
772 709
795 620
358 824
34 706
91 927
899 730
259 699
242 289
652 898
816 528
394 714
187 701
940 64
570 611
97 719
691 717
677 254
902 765
407 177
49 957
620 300
948 331
705 10
682 411
424 423
689 653
931 961
335 256
320 103
89 686
985 956
535 411
773 514
79 783
724 464
447 811
728 19
982 920
490 330
219 664
37 263
274 955
836 537
547 454
840 604
273 166
715 652
184 820
353 963
631 528
162 683
990 401
222 575
387 518
233 262
175 751
824 927
534 34
186 148
261 710
723 487
172 423
889 979
266 812
290 182
435 899
924 464
998 238
43 249
287 775
223 645
483 552
889 557
357 79
219 98
873 225
208 157
474 42
744 671
831 184
154 489
925 163
462 550
125 965
337 701
213 354
781 60
930 330
218 200
274 166
4 835
557 617
463 750
252 78
713 827
773 17
155 326
632 431
735 323
174 593
913 295
880 350
610 939
403 517
143 244
911 677
550 47
109 789
644 32
740 649
544 116
302 356
452 561
142 269
109 934
126 339
187 676
922 817
445 356
144 145
697 971
292 489
225 933
406 113
378 762
371 936
679 892
405 327
653 97
435 625
278 942
872 809
390 692
84 873
656 26
733 4
715 569
755 756
280 830
27 539
174 350
306 622
885 752
428 29
824 810
495 23
81 839
135 422
436 254
295 361
110 442
3 816
500 558
450 263
877 620
128 15
95 859
374 544
884 340
611 562
281 551
814 635
51 697
586 762
833 358
498 138
885 814
284 305
107 316
630 569
630 846
1000 103
229 923
270 247
561 467
865 959
977 841
635 789
392 65
639 869
476 847
517 239
156 42
213 88
735 167
717 920
901 209
759 61
284 245
108 307
143 690
327 177
75 216
848 984
581 92
958 365
385 953
231 469
801 438
36 709
134 994
31 578
607 159
791 964
26 334
407 991
766 564
975 393
846 753
326 149
38 39
527 779
767 426
771 185
576 15
723 208
245 412
556 544
871 504
138 764
351 164
839 606
988 308
92 481
898 44
741 988
45 981
144 298
95 19
400 836
296 629
461 869
577 516
673 709
819 579
880 627
989 271
607 818
283 782
55 290
802 133
471 18
427 968
257 391
765 10
694 14
162 151
396 532
647 508
685 841
635 610
746 329
623 567
587 967
623 13
510 718
81 478
544 530
318 413
636 392
85 510
102 564
765 364
643 966
203 847
665 768
315 861
66 477
854 418
105 609
713 866
308 2
639 550
518 405
78 684
421 508
901 164
539 265
958 47
905 161
855 957
342 848
951 802
832 426
88 970
416 703
444 888
406 364
833 48
563 347
892 533
344 227
165 987
882 607
80 749
585 512
877 472
97 878
36 773
654 288
16 404
80 779
463 56
502 470
473 716
737 943
679 772
370 656
704 80
406 168
926 563
509 315
1 258
918 55
296 706
27 594
980 372
235 471
728 858
477 398
315 479
119 813
673 737
121 769
167 763
59 978
777 643
119 706
511 47
569 545
626 530
292 628
663 583
43 454
225 575
404 349
410 667
765 189
453 711
21 259
495 444
834 630
45 509
582 684
622 393
660 174
276 183
396 812
741 5
618 336
11 386
345 460
109 347
181 126
254 668
209 230
377 995
693 211
397 566
717 237
664 455
494 350
464 349
380 321
747 24
167 285
743 962
299 685
7 756
89 241
307 166
329 674
536 944
811 278
354 215
1000 349
892 347
981 401
731 735
532 420
471 856
700 518
170 293
709 976
468 962
292 272
847 582
294 834
353 262
5 757
9 754
491 877
397 75
566 165
463 254
688 904
931 843
734 95
537 897
277 390
204 682
188 39
559 16
947 513
607 356
903 615
283 650
144 84
2 46
40 389
634 309
14 953
755 539
689 185
766 441
641 318
991 776
694 293
712 634
200 41
292 537
594 137
333 243
682 795
163 649
250 911
54 55
627 243
216 904
239 249
215 541
168 662
175 957
470 807
510 548
918 543
315 566
870 260
693 277
773 493
612 347
958 939
405 553
606 974
290 579
533 301
440 84
904 483
647 341
704 949
564 405
218 201
554 967
906 288
273 869
381 668
440 178
578 488
692 96
86 179
514 896
401 185
77 532
298 323
626 303
240 254
169 54
672 75
987 905
503 399
195 870
363 805
731 936
105 488
166 293
848 908
447 684
245 244
597 15
744 717
709 581
516 251
596 329
246 198
412 620
197 258
96 19
616 662
1000 885
468 299
491 890
218 990
790 232
814 226
344 466
783 813
408 453
656 27
361 299
767 151
70 333
861 78
974 791
315 406
427 688
121 491
97 338
346 589
578 870
867 931
493 746
674 309
457 715
470 82
453 671
419 515
134 234
872 373
300 262
711 740
487 880
401 601
853 122
846 777
294 830
789 894
324 531
74 842
68 104
60 809
481 836
902 894
962 141
484 857
639 919
68 536
108 605
517 861
539 701
632 627
762 558
959 200
285 777
346 777
511 753
333 573
161 756
109 214
290 976
130 637
458 350
386 531
291 690
553 299
919 300
23 347
173 714
515 739
218 737
37 107
402 408
611 74
830 808
415 674
335 888
532 690
628 911
573 26
746 574
173 600
53 834
314 706
979 204
305 909
568 629
110 936
645 671
560 645
587 892
819 676
767 58
768 946
684 542
685 371
651 431
653 277
379 886
549 452
201 174
127 454
837 610
390 288
33 613
733 152
24 352
278 661
829 812
484 426
853 815
242 554
641 407
788 354
177 545
742 217
506 849
983 193
994 883
306 885
112 940
224 726
902 425
775 181
686 496
229 75
915 974
534 676
204 319
314 459
191 3
564 559
160 957
39 79
354 639
392 256
449 337
765 363
416 134
904 443
388 212
485 516
19 80
477 26
713 817
904 266
834 983
947 748
269 424
189 369
122 852
530 335
147 869
938 952
98 205
795 849
482 108
869 576
288 285
752 338
509 637
436 397
94 161
576 928
739 44
425 916
191 677
142 347
40 253
494 878
908 950
47 474
602 623
344 147
557 463
496 382
758 122
87 357
749 669
608 424
925 43
353 52
960 92
193 547
411 404
692 515
767 73
783 756
972 941
538 818
528 399
179 609
715 627
263 675
690 431
837 44
140 844
785 385
62 685
440 910
619 364
896 385
550 786
519 353
978 5
926 381
896 304
98 804
859 955
932 549
916 162
88 883
554 832
87 1
551 950
989 677
30 736
82 199
461 332
815 781
730 823
452 904
309 168
555 320
424 990
920 963
481 787
462 590
85 401
412 167
251 905
807 110
989 839
96 666
886 557
122 918
854 463
86 37
752 513
289 261
91 913
576 460
731 673
329 673
961 420
692 60
109 158
237 361
424 282
382 27
601 769
781 450
229 576
359 730
565 347
624 809
476 598
994 407
361 434
355 371
820 271
681 199
919 197
84 2
69 338
736 130
680 777
130 502
244 968
596 165
762 141
453 68
843 452
165 720
421 678
260 740
101 722
192 210
746 665
909 209
982 777
913 790
382 197
420 482
975 112
301 33
13 365
552 481
708 360
295 583
193 809
512 927
197 865
839 694
382 262
963 438
716 806
92 200
885 389
686 334
135 444
410 589
734 374
676 864
684 615
561 160
449 590
746 236
214 462
272 757
220 731
943 483
974 500
551 681
909 271
26 593
56 839
940 339
361 9
981 521
447 173
894 542
593 113
160 436
647 21
527 258
252 458
859 210
554 364
972 979
720 124
977 867
542 453
217 918
9 680
437 665
111 502
906 432
352 810
683 814
440 669
51 136
605 881
161 600
660 630
554 17
835 520
5 721
365 425
745 1000
735 951
504 947
213 919
606 212
628 948
60 168
706 662
890 107
670 869
486 766
205 822
230 331
782 722
128 679
967 208
244 851
34 134
482 600
177 174
947 446
667 783
652 89
11 803
343 654
409 556
577 574
559 762
68 167
90 667
520 650
262 259
249 526
789 242
884 176
508 757
399 479
845 827
205 92
815 999
618 503
855 486
107 902
320 825
786 570
785 917
276 872
349 846
395 197
246 554
707 68
636 358
565 942
662 785
492 521
169 597
497 64
299 470
651 701
393 157
11 433
532 136
789 551
630 767
332 406
354 442
378 308
659 7
199 198
492 332
41 316
589 68
713 31
818 559
752 884
568 58
986 969
60 886
91 743
173 713
913 146
718 927
593 938
207 414
818 785
145 441
102 375
870 581
743 457
268 971
518 789
390 628
875 110
370 874
762 308
435 628
602 861
549 370
453 173
331 833
941 136
336 580
957 638
923 562
196 464
803 72
141 593
474 734
764 755
466 842
363 633
767 1000
258 606
885 637
654 928
841 767
935 349
940 245
82 269
29 818
195 54
752 937
343 214
887 865
510 637
519 179
6 551
864 918
313 144
997 592
172 941
733 716
682 878
419 796
976 79
833 458
337 763
321 286
85 220
32 343
894 929
18 342
38 157
365 225
846 516
562 795
265 503
959 820
507 164
843 782
290 898
907 785
69 714
848 823
334 806
575 300
852 935
246 498
554 233
539 343
27 123
467 368
912 419
146 13
518 983
38 7
134 529
112 208
240 997
301 303
188 29
208 505
280 849
783 582
608 592
787 643
58 625
240 884
797 948
616 751
448 865
352 831
399 802
382 174
917 673
775 583
408 399
939 989
961 549
266 981
874 270
533 625
241 955
371 264
686 81
35 97
127 719
148 320
296 595
670 557
465 332
466 159
398 143
675 81
922 346
506 771
544 466
953 448
93 717
422 525
614 49
82 350
287 505
306 790
811 831
928 753
357 441
14 742
90 228
141 936
518 186
149 429
261 163
247 350
273 605
290 341
916 385
169 540
334 152
760 515
172 19
673 156
88 620
398 503
825 73
256 476
834 905
90 425
551 100
40 670
482 303
100 834
816 531
856 736
393 294
190 667
109 12
476 817
222 309
425 783
961 443
484 624
820 652
398 128
816 97
871 563
752 383
60 278
27 71
321 806
334 925
677 129
236 439
614 804
240 904
602 576
931 522
992 556
221 438
224 390
577 390
398 220
799 515
601 264
213 594
2 189
638 392
311 218
392 976
825 824
11 774
876 404
239 436
700 170
466 240
603 977
859 991
465 266
757 344
375 677
193 985
603 590
833 709
628 43
495 252
975 262
475 982
907 46
285 334
661 19
276 119
134 125
618 400
121 815
287 657
474 424
901 661
828 923
99 541
794 615
157 165
159 619
16 747
34 974
954 865
42 359
85 451
677 783
518 49
860 703
15 473
989 938
557 614
892 155
380 359
751 848
702 140
616 77
947 807
35 929
198 415
324 878
166 121
424 360
923 314
905 255
193 61
212 271
145 178
957 179
369 407
722 984
541 308
377 313
305 564
360 681
476 571
57 655
496 473
994 440
541 421
299 966
984 126
506 340
807 550
939 758
64 44
192 17
841 909
109 564
994 154
151 435
409 272
887 581
446 789
515 52
22 68
995 572
415 127
709 391
642 64
225 298
279 589
248 117
362 901
805 517
721 586
352 147
776 789
941 69
449 783
784 256
557 117
797 518
831 507
445 684
622 468
803 282
16 696
590 118
33 411
894 680
772 634
97 445
228 98
835 26
603 22
323 712
510 800
725 567
841 11
898 975
114 456
276 591
761 771
482 356
878 384
907 944
657 584
584 760
14 255
234 945
308 472
476 842
916 671
222 354
722 666
669 929
288 132
18 21
570 550
554 99
26 568
423 526
5 823
839 390
472 80
720 809
99 211
173 712
728 257
90 651
710 497
198 165
571 861
829 29
334 997
227 375
835 884
819 27
947 78
188 122
10 886
927 730
581 509
191 865
62 662
357 750
891 554
88 301
398 692
22 96
995 600
541 860
283 628
559 603
999 718
735 538
370 762
102 141
177 90
240 668
550 613
555 781
883 690
546 584
286 343
669 812
654 145
976 629
149 69
116 136
802 785
50 522
396 610
849 266
679 312
231 606
641 6
493 435
976 915
993 555
43 364
346 296
337 79
160 576
260 154
881 522
436 433
241 427
8 532
461 166
545 339
517 392
893 163
255 862
401 571
272 845
113 881
60 856
115 72
885 783
501 762
941 621
247 490
270 295
878 184
682 879
534 900
260 281
640 268
928 291
88 512
655 176
802 324
587 550
369 41
155 658
7 653
857 364
218 318
22 742
759 109
659 753
460 422
270 404
545 776
375 277
378 43
485 97
550 27
850 931
915 362
406 355
175 199
796 191
302 304
624 926
299 965
257 753
184 591
494 876
106 608
969 678
970 201
240 998
663 190
792 957
489 730
706 735
709 684
616 476
383 774
257 915
206 430
23 204
796 972
302 125
629 908
580 558
248 207
512 774
782 570
988 283
989 78
745 506
67 514
837 42
951 54
719 10
442 98
850 167
228 535
605 427
628 464
724 995
637 286
751 266
533 195
634 976
716 994
54 217
410 54
591 482
358 579
824 451
660 169
418 300
220 608
973 30
224 611
375 772
711 686
616 688
750 268
509 606
167 56
741 147
754 30
366 424
976 44
66 60
341 246
125 543
422 89
207 797
905 113
358 788
906 410
229 545
621 479
824 127
956 516
117 512
448 275
692 62
346 638
865 710
113 345
406 668
958 345
83 513
84 302
88 937
30 972
786 86
625 198
256 793
922 694
298 396
754 831
430 385
820 265
269 61
153 161
476 455
187 668
792 874
912 287
258 161
44 658
562 467
429 840
191 953
729 322
362 381
127 63
125 941
735 700
314 760
921 400
760 424
649 641
260 273
73 119
20 586
330 366
206 309
10 608
121 355
468 496
715 529
827 187
899 342
645 870
465 286
192 498
242 584
519 310
442 6
606 227
633 361
836 842
139 42
638 250
608 953
461 955
263 133
11 116
620 688
903 437
725 847
963 214
870 788
231 614
94 886
189 642
25 929
559 804
599 987
397 885
324 683
987 125
272 774
152 476
206 659
190 308
581 589
509 610
848 436
901 438
932 447
670 141
13 694
289 182
916 277
811 73
467 751
786 777
470 486
203 153
750 217
733 127
781 514
929 887
52 962
327 56
420 622
493 848
955 967
99 41
373 650
355 179
728 439
437 953
1000 279
467 442
50 366
382 555
255 315
631 908
944 846
248 587
734 431
572 350
368 228
847 724
403 999
117 439
154 419
576 283
377 26
145 364
917 518
773 610
460 803
559 49
373 206
157 945
247 677
305 870
73 130
230 870
809 278
346 492
300 927
303 612
533 583
805 802
370 727
957 743
797 882
871 33
732 809
549 301
696 58
223 950
462 46
463 275
211 362
305 209
713 44
846 336
888 70
392 716
983 841
917 43
216 990
215 144
717 366
225 612
523 61
506 939
162 143
845 138
738 826
101 106
287 517
825 934
989 747
275 665
371 684
495 17
392 359
319 948
137 150
949 13
666 548
955 938
811 36
704 916
355 864
1000 107
48 584
124 163
843 663
19 57
62 246
887 198
320 584
32 444
240 319
442 983
873 520
391 741
891 112
270 21
588 48
56 417
494 631
223 95
824 702
236 218
352 935
574 246
719 740
579 604
853 37
175 9
360 646
469 300
819 37
456 965
350 481
210 588
482 169
264 460
486 737
912 456
326 126
511 54
222 191
425 863
305 817
13 64
434 919
620 405
36 935
95 452
727 951
684 906
749 984
590 612
882 258
519 600
318 875
504 397
275 948
297 704
637 648
234 173
509 707
453 461
419 373
37 654
521 797
775 912
872 551
197 968
695 89
372 418
194 606
177 660
863 888
917 176
186 426
206 809
157 251
640 219
270 522
488 346
684 236
833 686
670 43
321 611
103 752
270 437
255 857
593 46
665 681
18 92
835 249
29 82
447 231
972 902
333 764
997 341
303 420
531 897
454 592
717 111
613 773
743 986
962 31
907 898
911 74
414 662
665 884
43 696
924 199
29 485
51 341
606 481
588 84
730 495
97 535
478 116
209 737
673 306
948 380
147 727
385 607
407 25
725 14
431 151
325 880
455 753
844 652
408 836
5 558
652 479
639 345
948 402
406 66
266 753
139 581
601 306
748 71
218 994
576 240
406 61
248 353
211 87
549 131
280 604
942 82
818 228
710 926
991 899
192 407
598 803
731 827
793 915
903 178
997 723
157 524
631 373
128 830
844 168
295 386
423 329
375 624
58 34
591 380
152 35
336 320
82 348
194 930
565 593
470 799
609 661
771 738
665 363
852 589
561 650
879 38
302 951
631 271
582 819
952 360
219 315
761 984
831 16
122 546
673 146
268 850
547 681
380 238
845 436
204 60
560 300
924 773
670 289
673 3
565 21
109 121
820 705
817 812
75 390
807 841
97 706
4 906
173 877
304 996
446 291
708 658
123 402
565 311
363 387
435 14
40 958
106 562
553 497
204 599
64 194
869 835
212 58
196 967
774 938
921 486
260 592
407 771
235 248
54 604
553 147
738 241
666 338
263 253
549 761
126 354
733 394
184 825
576 75
776 541
186 800
237 460
953 663
607 518
884 953
754 297
318 803
192 499
763 780
729 652
353 672
245 626
618 252
656 465
875 743
825 574
603 233
81 862
244 318
817 162
343 442
717 329
28 184
371 949
462 284
779 251
466 562
987 124
200 410
608 375
539 951
242 13
114 574
760 690
317 17
704 546
453 985
21 517
939 14
726 330
69 989
360 239
200 632
424 588
27 505
561 609
758 336
643 464
654 42
968 637
661 582
668 358
562 711
229 580
584 557
566 589
659 93
331 364
78 795
796 450
302 399
303 178
910 783
795 794
597 154
875 456
587 92
770 596
383 241
4 140
133 300
264 465
182 707
222 192
624 54
700 507
335 400
193 639
770 233
205 900
323 29
334 728
28 687
196 729
268 254
326 844
324 475
397 406
888 361
979 18
265 948
305 71
788 433
172 497
166 779
895 814
92 56
49 203
237 678
54 100
148 233
116 805
690 596
233 7
289 789
954 33
849 189
354 740
831 330
464 58
979 575
640 111
972 780
973 37
78 443
636 353
894 569
236 135
661 376
100 38
63 434
404 478
911 192
470 400
475 522
43 974
960 537
902 924
74 68
985 506
514 864
859 465
807 785
169 133
316 876
815 378
817 965
657 872
626 335
57 568
277 887
139 890
14 398
808 379
136 312
100 713
653 845
925 1000
620 384
199 775
718 781
573 22
442 507
23 170
447 878
912 247
641 559
36 55
594 521
303 635
72 995
201 193
614 351
580 603
226 719
233 304
803 252
405 56
443 253
284 831
581 63
84 761
769 173
419 372
331 928
921 274
797 631
619 70
134 482
894 409
876 764
237 650
789 453
368 751
906 977
882 464
519 31
722 169
560 84
393 883
704 227
977 125
561 894
869 381
897 348
459 335
578 667
816 780
938 243
26 969
977 799
377 955
329 824
248 968
265 500
764 400
359 972
450 808
693 836
848 155
901 175
434 403
736 988
753 18
660 698
536 968
313 593
544 467
247 808
798 584
912 535
568 473
922 201
350 51
813 841
260 863
43 601
239 270
963 511
826 896
569 223
499 900
170 620
890 63
325 768
435 320
18 680
58 909
993 318
518 869
118 355
887 670
410 14
305 860
645 622
779 564
577 978
849 680
555 665
135 801
173 238
410 288
874 269
654 583
932 109
571 295
791 314
56 742
547 270
879 621
379 647
620 575
622 852
756 15
78 55
393 653
12 481
456 235
537 6
673 966
251 574
784 473
641 96
628 240
367 140
918 628
8 931
704 640
962 444
546 191
507 281
327 530
551 263
146 974
60 911
323 379
252 51
72 112
190 233
102 934
450 106
414 977
186 528
156 184
428 693
521 214
962 96
823 604
506 420
750 131
990 658
921 937
338 813
942 677
300 416
53 450
458 146
558 673
381 144
818 754
675 839
899 783
937 192
791 805
743 556
264 310
749 347
154 679
38 376
294 726
44 765
335 270
361 903
197 297
625 294
241 996
719 436
957 511
406 111
67 821
107 52
291 829
862 420
149 711
61 411
571 672
323 620
804 485
92 311
900 528
461 710
83 44
600 322
139 334
656 52
737 502
824 933
896 498
179 750
224 965
921 33
206 213
873 312
230 239
513 383
72 25
769 149
642 157
970 574
827 411
450 394
72 104
347 62
202 791
846 20
993 992
760 981
279 889
839 851
852 607
542 156
423 59
987 127
716 663
534 608
445 615
851 732
601 753
765 446
5 143
299 494
715 356
53 147
4 841
721 201
337 704
925 479
659 239
783 605
170 480
136 80
9 934
797 133
674 944
881 28
130 914
920 624
155 627
178 934
236 240
843 88
446 86
226 954
99 184
725 84
175 119
178 825
216 124
511 911
114 615
88 54
197 380
877 266
454 101
627 799
752 124
455 581
408 556
338 341
552 163
515 57
270 261
365 856
421 610
154 67
998 729
533 581
685 266
586 895
693 783
179 605
474 599
332 665
945 54
174 352
233 228
822 348
1 254
480 817
893 969
567 8
881 769
948 853
42 917
336 378
334 149
102 849
303 327
381 134
312 499
675 358
246 780
712 116
972 702
332 861
495 499
320 829
49 489
357 510
251 855
640 96
988 688
256 377
132 452
544 524
873 848
637 151
787 352
108 602
997 384
194 431
303 371
496 139
574 922
795 987
8 439
229 615
359 568
826 651
542 575
411 67
947 949
51 232
252 575
41 450
243 932
669 704
766 860
316 900
715 14
199 881
899 839
101 931
173 487
945 406
934 974
61 338
745 737
410 90
339 112
601 325
841 214
861 139
193 42
990 305
351 761
49 443
698 536
296 748
337 384
659 943
441 283
400 698
257 199
16 264
919 499
598 999
15 553
128 195
435 961
257 203
149 179
153 304
997 927
600 711
193 926
659 762
517 760
355 595
449 522
862 991
894 376
626 970
845 172
259 793
206 862
924 541
617 21
502 561
858 265
454 692
204 395
632 950
351 308
940 279
906 131
377 969
176 428
711 596
933 682
570 884
994 584
519 385
357 29
712 477
894 933
551 124
845 287
259 580
83 776
268 910
346 758
899 628
593 351
264 61
782 163
443 513
8 34
929 686
734 331
365 476
728 224
213 856
431 145
490 703
507 631
311 447
458 81
576 980
580 996
800 300
628 1000
866 37
995 667
580 779
466 343
230 644
878 517
788 856
171 822
210 848
456 131
357 912
13 324
109 915
514 171
823 343
745 924
870 214
46 500
615 775
50 971
859 611
895 353
77 482
900 851
614 203
284 796
429 293
267 86
215 372
722 104
371 42
869 3
626 524
689 357
628 66
270 629
381 334
699 809
426 351
544 854
996 204
636 315
233 760
575 136
228 37
343 993
604 904
312 120
713 768
661 544
47 833
428 837
32 486
289 393
754 255
385 639
441 566
128 333
425 106
268 656
515 657
697 726
292 286
40 847
701 166
593 613
378 957
895 880
914 305
645 431
773 762
923 5
785 36
514 506
491 7
718 842
644 873
407 797
411 454
73 235
495 580
889 9
652 291
157 859
374 707
512 886
213 719
144 74
128 591
382 206
996 940
358 87
243 588
353 821
172 271
728 679
214 886
215 427
382 424
935 946
153 462
949 626
287 895
290 177
777 193
349 722
797 872
188 720
392 641
251 620
414 118
608 43
935 656
168 668
7 253
980 731
177 722
654 924
113 732
519 102
280 229
142 527
860 480
807 299
310 961
815 812
835 34
176 485
696 668
660 63
788 244
739 606
354 544
155 561
164 801
881 305
534 835
498 835
173 941
375 11
129 723
541 238
30 525
35 933
125 657
809 718
256 730
179 655
27 281
304 898
194 362
801 306
640 624
308 742
769 796
377 317
222 55
548 967
667 454
409 506
442 103
869 788
283 465
966 182
507 575
893 875
934 848
536 735
791 953
60 165
9 609
356 776
213 897
162 885
756 248
255 26
2 234
648 264
942 430
102 443
636 711
50 222
88 341
628 599
315 206
44 512
207 84
233 457
359 185
969 93
909 893
236 161
390 687
438 187
701 767
619 410
106 123
15 935
733 142
721 590
194 710
267 158
250 826
896 334
845 933
148 235
495 28
228 953
125 47
141 778
293 867
372 504
94 849
811 891
73 910
497 234
483 299
431 715
18 476
898 856
602 174
270 254
143 116
219 939
649 471
606 323
765 675
215 582
809 665
313 458
976 390
705 856
812 532
445 221
229 614
89 463
971 189
369 867
725 390
84 498
636 807
711 183
256 40
902 700
874 851
757 902
630 188
978 949
830 978
62 440
107 209
252 798
538 445
870 638
35 413
71 459
594 628
22 245
294 622
122 353
982 987
839 966
885 4
580 566
410 202
88 416
453 168
405 469
168 814
136 886
324 155
987 589
128 934
864 496
666 170
405 70
635 692
871 215
379 765
201 289
555 670
405 183
686 280
660 435
1 74
185 789
885 632
98 794
217 595
826 22
292 686
226 235
100 279
465 150
655 617
507 383
626 971
168 995
872 343
241 373
564 565
103 749
768 50
989 716
367 840
673 813
358 901
587 589
458 523
76 206
171 226
688 180
801 47
711 484
547 543
161 328
539 865
627 749
473 263
997 419
434 483
416 122
109 35
703 505
946 409
359 684
985 69
41 61
350 49
852 787
84 133
66 920
731 429
288 386
640 983
326 462
611 108
395 579
152 337
364 292
535 399
649 536
68 704
11 563
174 989
676 295
793 660
945 350
408 613
158 561
250 446
687 278
805 999
184 911
372 124
27 555
641 299
605 26
326 549
900 860
542 629
32 694
34 308
608 913
92 226
510 337
662 178
283 557
875 653
324 413
931 143
128 160
902 508
334 210
300 422
729 960
609 682
591 494
370 222
371 843
172 872
300 309
968 791
453 849
609 539
63 22
964 355
180 274
332 245
946 647
99 706
670 149
838 811
548 753
898 768
341 191
298 52
380 545
375 38
801 203
638 632
623 268
238 874
385 876
645 850
209 544
1000 309
378 361
179 376
950 967
527 571
631 134
354 238
200 222
925 283
804 168
833 100
363 277
109 809
457 344
420 852
368 109
334 950
298 392
852 823
688 816
324 195
729 164
645 430
574 284
980 460
497 372
732 652
839 872
731 867
628 973
954 198
926 884
818 933
196 593
666 337
626 664
995 519
154 109
818 52
267 262
861 242
537 676
735 713
187 495
580 526
230 387
270 803
313 583
421 898
832 791
227 847
28 868
656 69
713 52
151 803
311 743
650 559
334 12
618 251
881 795
861 261
335 610
673 631
506 800
547 10
361 227
324 497
740 263
570 489
437 190
440 654
96 368
157 271
749 500
465 457
717 471
138 497
963 107
507 295
146 691
937 836
664 12
831 160
669 261
854 259
693 143
677 778
789 668
138 814
995 908
873 401
986 221
768 280
454 927
275 248
389 768
742 694
446 371
817 845
506 454
434 427
161 737
130 912
311 627
178 932
161 594
155 8
702 666
664 414
758 363
354 101
709 957
451 965
438 717
101 909
946 304
947 978
317 817
49 691
526 447
378 833
567 721
71 486
540 160
245 166
979 313
83 492
692 594
553 140
455 980
416 753
885 47
118 694
233 456
140 44
396 390
331 992
40 360
331 859
577 647
500 114
597 588
823 158
277 560
629 219
223 102
410 393
999 505
624 501
782 838
465 399
339 402
766 47
188 757
318 572
414 83
343 91
806 849
841 910
572 302
150 569
46 638
997 114
495 509
150 680
993 701
925 238
951 688
581 627
812 407
234 521
676 608
368 523
755 169
114 227
497 233
370 121
133 939
209 317
66 350
985 684
418 451
830 260
66 497
160 886
640 384
56 71
311 913
858 245
190 54
912 768
812 533
134 553
473 147
716 121
811 343
464 570
283 158
914 84
517 393
511 693
616 332
657 254
820 350
44 550
537 800
366 233
748 200
224 468
335 448
430 44
718 643
114 875
80 807
67 783
835 921
753 512
679 792
139 337
460 978
961 595
546 867
339 227
358 141
13 350
833 463
224 161
63 680
465 713
961 716
448 569
288 914
456 20
828 276
885 293
908 348
965 157
694 373
992 21
42 996
462 441
784 353
513 165
805 693
354 933
832 637
82 372
46 555
251 535
452 262
418 146
651 442
975 618
945 643
488 50
696 631
859 965
719 625
704 726
959 422
981 602
164 900
405 618
673 138
492 392
453 926
185 464
848 112
21 570
830 288
228 402
970 404
234 783
329 829
63 288
502 832
320 850
964 701
70 516
91 571
238 830
977 574
139 957
468 839
506 510
752 506
568 476
382 532
326 23
577 146
652 580
190 671
639 500
222 12
250 726
407 906
672 505
359 397
854 811
738 118
154 487
482 824
88 159
788 858
201 896
221 545
889 115
541 650
348 960
221 78
791 198
480 72
762 338
301 54
492 194
920 156
79 193
158 720
286 293
949 747
502 10
836 851
197 775
239 380
98 844
671 35
584 155
626 522
879 332
625 933
993 985
43 318
950 180
925 682
524 263
836 113
998 928
254 938
684 61
409 553
107 567
578 587
228 80
485 335
507 395
25 869
147 202
984 873
929 12
865 910
705 741
599 129
842 587
858 13
255 607
384 566
305 485
955 833
8 482
891 79
873 584
587 342
169 177
834 165
618 796
403 572
86 611
491 330
313 626
758 268
173 517
801 389
622 815
57 266
389 45
806 964
597 115
667 425
752 196
550 395
204 595
443 781
944 822
726 712
692 968
127 85
255 96
311 306
757 238
169 269
23 126
210 675
156 541
509 501
532 992
610 448
222 778
335 41
563 970
413 719
54 707
924 277
95 352
193 689
88 409
469 804
870 240
438 76
846 377
396 880
651 381
615 132
345 884
220 396
572 729
955 195
802 60
336 657
742 9
802 850
3 735
371 953
65 742
39 834
428 336
671 148
159 448
111 59
862 769
993 598
298 868
885 672
999 405
764 791
211 913
541 540
587 822
347 209
231 218
609 919
939 2
522 38
228 475
545 399
413 375
74 929
200 636
846 983
995 315
887 249
372 858
660 20
285 829
18 152
181 892
275 251
773 24
8 414
526 832
29 312
783 83
786 149
806 208
665 816
545 858
375 299
910 82
17 481
787 773
181 542
293 116
316 827
874 893
609 927
216 127
986 623
866 137
481 365
889 344
138 794
875 349
951 512
831 8
739 506
460 713
959 737
411 311
822 791
477 10
515 675
917 626
714 390
663 451
82 220
373 491
106 214
345 950
770 7
985 291
165 161
832 884
582 288
328 51
435 889
628 486
576 329
831 823
675 111
966 530
993 912
353 561
816 183
106 283
381 131
936 720
613 296
119 563
436 863
590 120
385 495
918 563
189 673
775 222
882 902
690 946
713 531
860 454
208 101
645 768
816 868
291 2
698 264
937 560
4 665
497 121
61 600
414 278
449 510
142 779
290 518
165 490
513 549
523 508
29 363
855 641
858 825
43 895
772 277
369 144
596 689
53 406
884 1000
757 610
422 245
540 904
83 591
329 270
48 826
711 177
400 467
492 105
113 356
246 24
304 831
430 339
195 842
165 46
611 114
387 124
135 650
687 937
66 549
657 142
253 741
325 808
773 560
23 49
671 613
982 622
841 330
415 315
52 940
903 534
302 614
979 212
27 803
230 366
788 822
225 110
80 951
598 681
488 744
433 89
823 332
607 565
295 695
421 968
970 436
410 379
374 952
582 253
876 474
91 677
331 983
261 756
56 714
42 997
941 419
963 375
50 516
989 439
628 105
167 863
8 828
371 960
978 168
335 549
215 179
197 580
806 882
110 351
452 131
764 530
24 6
777 584
372 478
101 56
267 922
487 831
823 673
76 490
9 295
137 378
33 441
57 51
668 533
850 656
122 523
833 948
945 620
824 267
382 361
685 610
467 829
194 31
983 285
794 450
313 379
80 154
389 822
816 622
602 51
694 579
422 134
857 231
179 399
290 780
455 458
189 250
619 621
692 215
216 136
752 330
18 898
915 368
458 205
867 107
62 459
925 599
717 752
839 241
398 969
628 836
300 507
577 2
942 266
890 59
726 685
434 37
52 596
460 671
519 772
226 323
249 34
457 647
966 15
791 80
245 470
727 854
875 67
725 198
966 414
753 547
704 169
867 551
335 197
282 499
339 254
16 171
70 986
987 60
520 619
81 587
813 230
267 506
905 894
586 788
917 396
719 16
281 170
620 571
513 279
931 32
436 578
92 252
44 127
998 248
909 617
272 796
788 270
720 588
719 822
101 203
727 267
973 28
987 230
144 146
453 718
666 734
556 113
906 64
745 56
765 37
113 646
591 409
902 28
190 258
157 75
765 406
858 232
436 902
845 478
960 776
659 358
218 250
113 992
919 680
927 639
794 863
69 885
136 630
470 476
256 578
833 344
962 124
319 229
947 720
947 270
155 485
504 705
963 602
70 752
967 130
456 804
329 570
916 972
388 357
462 663
766 776
532 540
292 281
611 61
120 512
338 587
412 658
621 140
364 251
357 561
42 506
814 493
696 396
753 749
634 88
526 336
692 632
537 569
81 661
830 714
690 105
71 546
898 122
131 857
831 776
262 509
456 478
496 975
888 449
318 804
174 328
167 513
956 394
281 134
263 114
980 512
249 634
289 659
333 234
644 440
884 203
779 97
695 269
238 456
77 118
295 131
869 234
488 951
690 911
86 780
472 656
15 256
38 611
55 220
996 227
464 20
467 919
234 674
517 991
632 497
678 674
887 248
851 830
51 498
989 980
702 183
902 949
262 532
874 142
807 872
332 328
830 219
891 987
303 185
400 488
660 638
772 80
852 998
669 760
839 40
398 790
554 168
221 975
832 282
523 927
72 671
677 174
364 223
404 827
97 828
210 757
931 559
252 868
515 940
623 855
810 592
565 203
118 773
525 251
235 728
857 667
295 829
115 942
166 798
25 474
742 70
7 286
687 456
207 253
196 341
487 342
680 154
377 340
120 71
858 765
50 910
894 23
253 245
325 280
698 866
440 590
478 830
283 828
177 273
915 735
328 899
647 236
775 59
262 138
533 5
59 642
744 410
561 196
254 995
821 994
241 384
405 995
825 936
309 71
673 236
565 950
159 709
755 344
557 82
251 73
217 841
199 297
860 741
554 328
602 92
750 204
994 642
639 764
658 429
566 546
42 134
460 441
706 287
428 927
216 173
351 801
118 212
620 366
933 71
47 13
627 846
810 274
518 995
80 763
567 646
568 356
143 602
204 660
903 640
361 579
179 878
474 866
795 392
755 76
856 138
692 560
697 862
59 373
169 511
512 817
178 285
931 809
742 357
215 511
487 378
805 593
275 954
352 199
741 595
997 697
29 631
214 291
758 578
304 41
137 342
620 615
974 654
634 892
777 766
512 381
987 802
438 343
48 445
520 419
660 156
168 998
155 988
66 305
